10772.2
24820.5
13411.2
17358.7
18968.4
31795.5
26529.2
22764.1
32361
24790.1
32753.6
21993
20810.4
41481.8
43016.9
43876.3
17149.8
23944
22135.8
21844.5
23046.6
11106.5
29577.9
29080.2
15545.1
12855.2
72232.7
17036.6
26891.2
25649.1
16028.5
34399.1
15611
12376.2
104199
33953.9
24640.6
6299.97
41738.4
31519.8
61442.1
17471.9
21167.8
18434.3
18376.7
59955.4
33444.2
20995.7
9243.97
24980.7
21612.7
19885
16663.9
8183.01
13079.8
63818.6
21194.3
15803.5
26177.2
25829
32424.2
68823.2
39967.7
21268.6
23151.9
27878.9
10255.8
16371.1
10881.1
39795.7
19888.1
18930.8
25573.6
10516.9
11809.5
26231.9
36820.1
12019.6
12827.8
33097.6
18405.5
41975.3
32617.8
25369.6
32125
12705.7
42105.7
37817.5
12557.7
15134
42401.3
31041.2
82874.9
34173.7
48186.1
17773
91394.5
21146.4
20024.7
73849.2
13490.3
18146.5
7849.67
27429.9
57971
16282.8
20403.6
38290.3
11249.7
73875.6
35943.2
26453.7
39716.5
20660
23619.4
22494.8
11943.9
11177.1
7334.66
46226.8
71451.8
23099.9
20793
22101.6
27641.1
27392.6
11233.7
30203.1
25198.6
36072.8
15628.3
53358.2
26210.7
16050.3
37640.7
13371.1
32532.8
9305.75
21278.9
12059.2
82016.5
26448.8
18328.6
16665.1
34483.3
39846.8
24040.2
18728.2
47236.5
22315.7
38267
30446.8
17284.6
41766.6
40819.4
17344.9
17022.1
33060.9
94313
37267.1
19245.8
30500
13460.1
91771.4
32906.3
42882.6
12883.9
13077.8
50664.9
15639
44719.6
34578.8
18983.2
20574.3
34476.3
16688.2
27953
37539.6
36240
47200.7
9344.53
19803.4
21303.1
7491.56
38504.2
19559.8
69931.7
20504.1
36188.2
13833.1
34146.1
51728.3
12071
12796.8
22397
32542.6
9860.95
39059.8
8235.46
78068.2
42487.1
19113.7
7674.93
19361.4
9254.49
24565.4
63008.7
13228
44570.9
49860.4
12903.9
16804.5
19772.1
24774.5
41902
16393.7
54187.8
51471.9
37166
10858.5
27427.9
23937.2
32073.9
7908.81
60649.5
25721.6
9329.02
31492.3
20847.1
21986.9
46546.1
50443.2
18392.9
29414.1
18768
62104.4
49490.3
49089
22732.6
54812.9
47916
22485.2
20991.5
55275.2
55083.6
15947.7
11130.1
21090.3
16344.6
8157.17
46544.6
36325.8
14084.7
25381.6
56380.2
16164.8
65235.9
22043.4
12961.9
27635.6
29190
15104.9
11543.9
35056
31631.1
53184.7
19606.2
16002.4
62154.4
27479.8
43237.2
26541.9
40799.3
35557.1
24967.6
9184.27
25125
12150.1
23937.8
45483
11160.7
17519.6
13588.3
5303.57
15705.4
20366.5
74036.8
27907.4
22672.3
23102.6
16278
12459.3
84717.8
12187
19113
7925.86
17664.9
12246
34623.9
46815.7
23240.1
19190.3
16690.8
17272.6
7928.91
49420.3
10276
22302.5
64529.2
21851.6
20967.6
7882.58
18318.3
10094.5
25571.5
23013.8
6723.03
19942.5
22007.9
15819.5
34166
22573.8
77318.2
26895.9
21892.2
14870.8
13138.1
157065
29103.5
18152.9
32391.9
41424.5
30367.5
52043.9
42858.2
17980.1
12814.1
22485.9
32220.9
26204.8
34459.3
17195.7
13382.4
11123.2
11842.8
11129.1
78118.2
21393.2
8143.06
18082.2
23916.7
61604
11264.2
15867.3
85472.7
42314.3
16039.5
28654.2
18572.9
10326.7
18263.3
14016.5
74585
24875
49619.4
36774.1
10702.3
19081.2
20940.4
34643
32318.2
36608.4
38652.9
44731.4
12224.4
90940.8
8304.75
36834.3
28073.2
28403.9
13044.7
26694.1
13283
25842.3
26084.7
14926.9
16885.2
11156.3
32487.3
28206
70066.4
11154.7
15776.5
13200
29101.7
126661
15219.5
49808
33190.9
16058.5
37456.7
56814.3
102210
16730.4
37868.8
38372.4
10130.9
46032.1
64000.3
27633.6
31931.1
29740.3
36940.4
42520.1
20943.7
10668.9
34136.5
33693.2
24128.9
6581.63
12686.1
10520.3
78216.2
9716.72
23597.5
32750.6
12244.2
50552.9
24577.5
18292.7
39735.5
10337
67818.7
8920.04
17333
61336.7
16800.4
16931.6
16476.8
22045
12258.6
18447.3
21237
25428.7
55027.3
11444.4
21209.6
16456.7
25040.9
36192.3
34111.3
27696.6
12286.2
13876.2
25075.4
72611.9
14566.7
12817.5
22955.1
64908.2
14148.8
48403.7
45900.1
32380.2
20683.8
11938.2
40603.2
10009.6
27569.6
21472.3
20178.5
10324.1
31422.7
104856
47723.7
25694.4
48211.2
18641.9
33881
15843.7
5257.01
14800
58788.7
44104.5
20257.6
13850.8
11219.6
25147.2
28313.3
24687
41291.4
21367.5
36521.3
25995.9
19619
20761.5
61733.5
12420
68454.8
26201.8
30696.3
14671.2
33428.8
18962.9
20843.1
32683.3
63127.6
64233
35438.3
10942.4
14335.3
79124.6
12643.2
8007.1
22089.9
26588
23271.1
49717.6
37040.3
16542.2
41330.9
24166.9
24676.4
52566.7
11050.4
32986.7
11609
92036
28703.4
9563.46
21531.5
17484.3
21126.2
11652.8
53069.3
34190.9
51719.1
12285.1
21709.9
93261.9
42274.9
24974.7
19727.2
44251.9
32430.8
39642.5
26144.9
85541
11584.1
81532.2
43085.4
98204.8
21870.7
28232.9
15147.3
16479.5
25600.6
76937
13497.3
13095.6
38227.4
20660.1
26817
30401
22938.8
39268.1
99271
21259.3
49054.4
35168.3
29132.7
30762.4
26937.6
25139.7
13713.5
56667.3
28313.2
26869
23998.1
16920.1
9929.22
10519.8
12236.5
15038.8
38446.7
22270.8
14046.1
18449.1
18067.7
8131.65
36263.4
24981.7
8379.04
23710.1
49063
11039.5
16603.1
14597.3
14920.1
24205.1
49761.3
95443.7
13288
43879.7
9786.48
19644.5
17755.7
35005.1
19871.9
35993
13825.8
17982.9
93435.7
24642.1
19500.2
69747.1
58162.4
57114.4
16049.7
11914.4
16696.3
17371.1
20316
27881.5
58283.6
13547.8
17398
21887.5
20268
16482.9
47743.7
26490.4
18152.7
12289.6
31984
48169.3
20143.7
25274.5
21789.5
28640
21970.6
31640.9
29223
13469.4
38424.3
10646.6
39796.3
21058.1
19081
66281.2
13994.2
20219.8
41006.4
19981.7
28995
66435.2
15512.3
23244.5
26733.4
13586.8
35104
43232.9
6140.77
56807.5
13467.2
26531.8
41183.6
19549.7
20014.3
15491.9
12701.5
14544.9
10770.1
21337.3
17777.9
61925.5
32303.8
11519.5
44386.4
29202.4
21807.7
17375.7
40513.5
18473.9
29326.9
10861.4
18755.3
28605.8
13835.6
34491.5
18893.1
12430.5
21085.7
10409.1
39038.4
32053.9
14587.1
18571.7
14214.3
10468.8
133158
27167.4
15389.7
14249.7
30428
11085.3
18502.3
19296.3
49567.5
26923.2
19498.7
23181.6
15279.6
34806
17509.3
20797.6
28911.5
10679.5
44032.2
14104.8
16860.4
12876.7
107979
12719.8
14474.1
15857.3
34936.3
18742.4
19735.2
60108.4
29297.8
60113.2
32482.7
25355.4
19146.7
16054
18019.8
31692.4
21073.1
113996
11939.2
16321.8
18721.3
39174.5
21193.7
19806.1
15096.2
21024.5
33848.2
13218.3
24866.3
25064.4
45867
19997.4
29520.1
21597.9
10639.1
62145.9
51966.5
20069.5
44485.4
28728.7
13411.2
20943.8
15686.5
37376.6
57603.4
32603.6
111468
18660.2
13084.4
19275.9
13224.1
34874.2
8403.62
24196.3
29075.3
12609.6
13257
28295.2
23616.7
13759.2
13403.7
62181.9
66707.5
31245.2
34443.2
63428.9
20656.2
12466.2
13418.9
11073.4
11782.8
17943.4
15056.5
10577.6
20722.2
11335.7
107375
13099.9
13868.3
80026.8
22637.5
25838.7
26064.6
17694.4
12570.6
20359.2
17858
23284
19865.4
6290.37
16783.4
16606.8
9382.99
14848.3
24423
41123.8
88423.3
37325.4
30403.3
11137.4
33748.7
120807
23697.5
27578.5
14446.8
77034.5
48330.4
24671.6
16861.5
48372.8
29377
12334.1
40233.1
34251.1
11604.2
37352.1
42708.3
33996.5
41936.7
38336.3
58270.4
16474.3
29095.2
33526
16060.5
15047.8
47239.1
11837.7
38159.4
23695.3
57418.6
16453
14141.8
51414.4
24968.7
12784.5
13103
34742.5
15487.4
64847.9
20749.1
36384.1
61667.2
26371.8
11199.4
9580.05
31017.3
25467.7
107994
9106.88
34020
59496.6
10217.9
14839.2
46451.4
23865.9
10926
28473.7
25155.3
13663.8
20437.6
18264.4
38976.8
35016.7
19481.7
47325.1
54118.7
30724.5
9968.43
50204.8
21770.6
23559.4
12572
28970.8
87669.4
72111.8
14402.1
29314.5
25500.5
18169.3
29057.4
36553
12480.4
22201.3
13087.6
12835
17143.2
47920.9
12679.4
28804.1
13794.1
94248.1
15929.2
80010.5
10164.9
14888.7
26122.2
40646.1
64130.5
13270.5
11826.6
45671.7
20324.4
15628.5
31622.4
44839
81759.4
35206.3
42167.3
12344.7
63852.1
20948.1
84806.9
69974.2
25582.2
24449.5
12691.1
20150.4
56986.4
29092.4
71725.7
24287.4
20950.1
22348.2
41511.9
14028.1
35055.5
25640.9
40144.2
11294.2
48143.5
37841.9
12813
12632
29408.6
33554.6
16396.6
56627.6
17661.4
90779.6
43312.6
47105.1
22159.9
14690.7
17639.5
80143.2
29593.7
74094.2
23680.2
17946.9
54652.5
102373
27021.5
39780.8
10931.1
28503.8
27912.6
52891.3
46637.9
45477.1
27565.7
19593.7
65630.4
18984
8682.08
21427.3
33126.1
31722.5
46395.8
37263.1
16066.5
20655.9
80434.4
19370.1
47575.7
36966.4
114910
12679.1
